[Classroom.jpg]
filters=radblur=1,0.431105,0.569745,-0.286550,0.052632;
moddate=14609e635b3cd701
width=964
height=670
textactive=0
[image3.jpg]
filters=finetune2=1,0.900585,0.050526,0.000000,00000000,0.000000;
moddate=76ded6885b3cd701
width=799
height=615
textactive=0
[image2.jpg]
filters=FocalZoom=1,0.459499,0.671906,50.000000,50.000000,50.000000,0.000000;
moddate=5245cc885c3cd701
width=2048
height=1536
textactive=0
